15
16
17
19
38
39
42
43
44
45
46
47
48
49
50
52
53
54
55
56
67
70
71
75
80
81
83
84
85
87
88
89
91
97
98
99
101
102
103
104
105
106
107
108
109
110
149
151
152
153
154
155
156
157
158
159
160
161
162
163
164
165
166
167
168
169
170
171
172
173
174
175
176
177
178
179
180
181
182
183
203
211
212
213
214
215
216
222
227
229
235
241
244
246
256
257
261
267
269
270
275
279
280
281
282
283
294
296
297
299
300
302
304
307
309
311
312
313
314
315
316
317
318
319
320
322
323
325
327
328
329
330
332
333
334
337
340
343
344
345
346
348
349
350
351
352
353
354
355
356
357
358
359
360
361
362
363
364
365
366
367
368
369
370
371
372
373
374
375
376
377
378
379
380
381
382
383
384
385
386
387
388
389
391
392
393
394
395
396
397
398
399
400
401
402
403
404
405
406
407
408
409
410
411
412
413
414
415
416
417
418
419
420
421
422
423
424
425
426
427
428
429
430
431
432
433
435
436
437
438
439
440
441
442
443
444
445
446
448
449
450
451
452
453
454
455
456
457
458
459
460
461
462
463
464
466
467
468
469
470
471
472
473
475
476
477
478
479
480
481
482
483
484
485
486
487
488
489
490
491
492
493
494
496
497
498
499
501
502
503
504
505
507
508
509
510
511
512
513
514
515
516
517
518
519
520
521
522
524
525
526
527
528
529
531
532
535
536
537
538
542
543
544
545
546
547
548
549
550
551
552
553
554
555
556
557
558
559
560
561
562
564
566
567
568
569
570
571
572
574
577
578
579
580
581
582
583
584
585
586
587
588
589
590
591
592
593
594
595
596
597
598
599
601
603
606
607
611
616
619
626
627
628
629
630
632
633
634
635
636
637
638
639
640
641
642
643
644
648
649
650
651
654
656
657
658
659
660
661
662
664
665
666
667
668
669
670
671
672
674
676
677
678
679
680
682
683
684
686
687
688
690
691
692
693
694
695
696
697
698
700
701
702
703
704
705
707
708
709
710
711
712
713
714
715
716
717
718
719
721
722
723
724
725
726
727
728
729
730
731
732
733
734
735
736
737
738
739
740
741
742
743
744
745
746
747
748
749
750
751
752
753
754
755
756
757
758
759
760
761
762
763
764
765
766
767
768
769
770
771
772
773
774
775
776
777
778
779
780
781
782
783
784
785
786
787
788
789
790
791
792
793
794
795
796
797
798
799
800
801
802
803
804
805
806
807
808
809
810
811
812
814
815
816
817
818
820
821
822
823
824
825
826
827
829
830
831
832
833
834
835
836
837
838
839
840
841
842
843
844
845
846
847
848
849
850
851
852
853
854
855
856
857
858
859
860
861
862
863
864
865
866
867
868
869
870
871
872
873
874
875
876
877
878
879
880
881
882
883
884
885
886
887
888
889
891
892
893
894
895
896
897
898
899
900
901
902
903
904
905
906
907
908
909
910
911
912
913
914
915
916
917
918
919
920
921
922
923
924
925
926
927
928
929
930
931
932
933
934
935
936
937
938
939
940
941
942
943
944
946
948
949
950
951
957
958
962
966
967
974
982
988
990
991
992
998
1000
1003
1008
1009
1011
1012
1014
1015
1016
1019
1021
1022
1024
1025
1026
1027
1028
1029
1030
1031
1032
1033
1034
1035
1036
1037
1038
1039
1040
1041
1042
1043
1044
1045
1046
1047
1048
1049
1050
1051
1052
1053
1054
1055
1056
1057
1058
1059
1060
1061
1062
1063
1064
1065
1066
1067
1068
1069
1070
1071
1072
1073
1074
1075
1076
1077
1078
1079
1080
1081
1082
1083
1084
1085
1086
1087
1088
1089
1091
1092
1093
1094
1095
1096
1097
1098
1099
1100
1101
1102
1103
1104
1105
1106
1107
1108
1109
1110
1111
1112
1113
1114
1115
1116
1117
1118
1119
1120
1121
1122
1123
1124
1125
1126
1127
1128
1129
1130
1131
1132
1133
1134
1135
1136
1137
1138
1139
1140
1141
1142
1143
1144
1145
1146
1147
1148
1149
1151
1152
1153
1154
1155
1156
1157
1158
1159
1160
1161
1162
1163
1164
1165
1166
1167
1168
1169
1170
